name: haoyunzhe
channels:
  - conda-forge
  - defaults
dependencies:
  - absl-py=0.9.0=py37hc8dfbb8_1
  - astor=0.7.1=py_0
  - audioread=2.1.8=py37hc8dfbb8_2
  - bzip2=1.0.8=h516909a_2
  - c-ares=1.15.0=h516909a_1001
  - cycler=0.10.0=py_2
  - dbus=1.13.6=he372182_0
  - decorator=4.4.2=py_0
  - expat=2.2.9=he1b5a44_2
  - ffmpeg=4.2=h167e202_0
  - fontconfig=2.13.1=he4413a7_1000
  - gast=0.3.3=py_0
  - gettext=0.19.8.1=hc5be6a0_1002
  - glib=2.64.2=h6f030ca_0
  - gmp=6.2.0=he1b5a44_2
  - gnutls=3.6.5=hd3a4fd2_1002
  - google-pasta=0.2.0=pyh8c360ce_0
  - grpcio=1.23.0=py37hb0870dc_1
  - gst-plugins-base=1.14.5=h0935bb2_2
  - gstreamer=1.14.5=h36ae1b5_2
  - h5py=2.10.0=nompi_py37h513d04c_102
  - hdf5=1.10.5=nompi_h3c11f04_1104
  - icu=58.2=hf484d3e_1000
  - keras-applications=1.0.8=py_1
  - keras-preprocessing=1.1.0=py_0
  - kiwisolver=1.2.0=py37h99015e2_0
  - lame=3.100=h14c3975_1001
  - libflac=1.3.3=he1b5a44_0
  - libiconv=1.15=h516909a_1006
  - libllvm8=8.0.1=hc9558a2_0
  - libogg=1.3.2=h516909a_1002
  - libprotobuf=3.11.4=h8b12597_0
  - librosa=0.7.2=py_0
  - libsndfile=1.0.28=he1b5a44_1000
  - libuuid=2.32.1=h14c3975_1000
  - libvorbis=1.3.6=he1b5a44_2
  - libxcb=1.13=h14c3975_1002
  - libxml2=2.9.9=h13577e0_2
  - llvmlite=0.31.0=py37h5202443_1
  - markdown=3.2.1=py_0
  - nettle=3.4.1=h1bed415_1002
  - numba=0.48.0=py37hb3f55d8_0
  - openh264=1.8.0=hdbcaa40_1000
  - pcre=8.44=he1b5a44_0
  - protobuf=3.11.4=py37h3340039_1
  - pthread-stubs=0.4=h14c3975_1001
  - ptvsd=4.3.2=py37h516909a_1
  - pyparsing=2.4.7=pyh9f0ad1d_0
  - pyqt=5.9.2=py37hcca6a23_4
  - pysoundfile=0.10.2=py_1001
  - python-dateutil=2.8.1=py_0
  - python_abi=3.7=1_cp37m
  - resampy=0.2.2=py_0
  - sip=4.19.8=py37hf484d3e_1000
  - tensorboard=1.14.0=py37_0
  - tensorboardx=2.0=py_0
  - tensorflow-estimator=1.14.0=py37h5ca1d4c_0
  - termcolor=1.1.0=py_2
  - tornado=6.0.4=py37h8f50634_1
  - werkzeug=1.0.1=pyh9f0ad1d_0
  - wrapt=1.12.1=py37h8f50634_1
  - x264=1!152.20180806=h14c3975_0
  - xorg-libxau=1.0.9=h14c3975_0
  - xorg-libxdmcp=1.1.3=h516909a_0
  - _libgcc_mutex=0.1=main
  - _tflow_select=2.1.0=gpu
  - blas=1.0=mkl
  - ca-certificates=2020.7.22=0
  - certifi=2020.6.20=py37_0
  - cffi=1.14.0=py37h2e261b9_0
  - cudatoolkit=10.0.130=0
  - cudnn=7.6.5=cuda10.0_0
  - cupti=10.0.130=0
  - freetype=2.9.1=h8a8886c_1
  - intel-openmp=2020.0=166
  - joblib=0.14.1=py_0
  - jpeg=9b=h024ee3a_2
  - ld_impl_linux-64=2.33.1=h53a641e_7
  - libedit=3.1.20181209=hc058e9b_0
  - libffi=3.2.1=hd88cf55_4
  - libgcc-ng=9.1.0=hdf63c60_0
  - libgfortran-ng=7.3.0=hdf63c60_0
  - libpng=1.6.37=hbc83047_0
  - libstdcxx-ng=9.1.0=hdf63c60_0
  - libtiff=4.1.0=h2733197_0
  - matplotlib=3.1.2=py37h4fdacc2_0
  - mkl=2020.0=166
  - mkl-service=2.3.0=py37he904b0f_0
  - mkl_fft=1.0.15=py37ha843d7b_0
  - mkl_random=1.1.0=py37hd6b4f25_0
  - ncurses=6.2=he6710b0_0
  - ninja=1.9.0=py37hfd86e86_0
  - numpy=1.18.1=py37h4f9e942_0
  - numpy-base=1.18.1=py37hde5b4d6_1
  - olefile=0.46=py_0
  - openssl=1.1.1g=h7b6447c_0
  - pillow=7.0.0=py37hb39fc2d_0
  - pip=20.0.2=py37_1
  - pycparser=2.20=py_0
  - python=3.7.7=hcf32534_0_cpython
  - pytorch=1.0.1=cuda100py37he554f03_0
  - pyyaml=5.3.1=py37h7b6447c_0
  - qt=5.9.7=h5867ecd_1
  - readline=8.0=h7b6447c_0
  - scikit-learn=0.22.1=py37hd81dba3_0
  - scipy=1.4.1=py37h0b6359f_0
  - setuptools=46.1.3=py37_0
  - six=1.14.0=py37_0
  - sqlite=3.31.1=h7b6447c_0
  - tensorflow=1.14.0=gpu_py37h4491b45_0
  - tensorflow-base=1.14.0=gpu_py37h8d69cac_0
  - tensorflow-gpu=1.14.0=h0d30ee6_0
  - tk=8.6.8=hbc83047_0
  - torchvision=0.2.1=py37_0
  - wheel=0.34.2=py37_0
  - xz=5.2.5=h7b6447c_0
  - yaml=0.1.7=had09818_2
  - zlib=1.2.11=h7b6447c_3
  - zstd=1.3.7=h0b5b093_0
prefix: /home/aa/.conda/envs/haoyunzhe

